Original Matrix A:

     0.208      0.976       0.69      0.426 
     0.976      0.618     0.0767      0.479 
      0.69     0.0767      0.828      0.216 
     0.426      0.479      0.216      0.656 

Eigenvalues:
    -0.747      0.287      0.733       2.04 

Eigenvectors Matrix V:

     0.781      0.273     0.0268      0.561 
    -0.539      0.444     -0.451      0.556 
    -0.315    -0.0715      0.841      0.433 
  -0.00459      -0.85     -0.298      0.434 

Check V^T A V == D: (D being the diagonal matrix with the corresponding eigenvalues)

    -0.747          0          0          0 
         0      0.287          0          0 
         0          0      0.733          0 
         0          0          0       2.04 

Check V D V^T == A:

     0.208      0.976       0.69      0.426 
     0.976      0.618     0.0767      0.479 
      0.69     0.0767      0.828      0.216 
     0.426      0.479      0.216      0.656 

Check V^T V == I (Identity):

         1          0          0          0 
         0          1          0          0 
         0          0          1          0 
         0          0          0          1 

Check V V^T == I (Identity):

         1          0          0          0 
         0          1          0          0 
         0          0          1          0 
         0          0          0          1 
